2525
1675
3800
3000
2425
1775
3925
1900
2925
3275
1900
3175
2475
2825
2125
1850
3700
1875
2875
3625
2850
3975
2150
2500
2650
2075
2300
2225
2275
3250
3050
3575
3425
1875
1975
2800
3500
3250
3300
3325
2575
1775
3800
3500
2525
2975
3550
2525
2100
2975
1850
2725
2200
2575
3775
1800
1625
3400
2275
3625
2550
2800
3025
2575
3150
2375
3725
2075
3925
3400
2075
3575
1800
1575
2600
2450
3325
2950
3250
2350
3200
3225
2875
1825
3550
3100
2775
3100
3100
2000
3175
2825
3500
1600
3200
2000
3625
3075
1650
1875
