3.448648068302131886e+00,3.262227491013099723e+00,1.427991135378893217e+00
3.172743160871738688e+00,1.114545646135569612e+00,7.636299972665322455e-01
4.535462130259184654e+00,4.194064542749782021e+00,4.887872428368636335e+00
2.425742631419823603e+00,1.657911124520680124e+00,1.395639314038081391e+00
3.457496914161336754e+00,4.850874167782690094e+00,2.364779848849724253e+00
1.573206521360333454e+00,9.590040543326516786e-02,1.306595236223724310e+00
8.317781957328373998e-01,3.492071062871075604e+00,3.723580413628657215e+00
4.264657267843751320e+00,1.902731045336348847e+00,3.097819550726473192e+00
9.975063112548365751e-01,2.598808169276433766e+00,2.110283217288259738e+00
8.964982784952374439e-01,1.010229323099330223e+00,3.197631719925206450e+00
4.906770674755252415e+00,8.376199263340589063e-01,1.660955755037484272e+00
4.395491270777342585e+00,2.965284442563302481e+00,3.768788290671940988e+00
6.327105197892035626e-02,2.508707208283315282e+00,2.221277058118515502e+00
4.478294198923100211e+00,2.024315459653190707e+00,4.426710203224447859e+00
8.100050326584729010e-01,3.561358953961683671e+00,2.973564334344536597e+00
1.847446872821847386e+00,1.744422964404754417e+00,2.035702009066784779e+00
2.353511103396948023e+00,3.738187757087130247e+00,8.036974950398667605e-01
1.366306221864710846e+00,1.483140849774888803e+00,1.437440844483723446e+00
4.821474114749728201e+00,7.438400141120582454e-01,7.669036987117239246e-02
3.234540671591879413e+00,3.999689041881307361e+00,8.097608454078170093e-01
2.541039735035178104e+00,3.380347434749145119e+00,2.626962886129322161e+00
4.881896410771519257e+00,3.422304492199965242e+00,1.961577426743031261e+00
3.648415600622108457e+00,3.797009480532751002e+00,1.959261341089522102e+00
1.373717728640960756e+00,3.594219946221478779e+00,4.130614870253667803e+00
2.532086293484497652e+00,4.444785162343992901e+00,2.370768107878979514e+00
2.396548156376256955e+00,8.313078802959161795e-01,2.686099833962180661e+00
3.231054294916279712e+00,1.490488279847786979e+00,2.230912319188442350e+00
4.005306972739902882e+00,5.198657524087496595e-01,2.305543907358085232e+00
2.360316556648213826e+00,4.526208488148065534e+00,9.073949328571273565e-01
4.296506582761410620e+00,2.966054741340689471e+00,8.606418982927394046e-01
3.781064058276619289e+00,1.660090913979427985e+00,1.679742579150638626e+00
2.282410106633776525e+00,2.211971997950035185e-01,2.098410883410716909e+00
