155,102,238
206,248,275
184,270,191
238,227,206
241,115,200
152,182,122
270,255,274
171,133,281
254,208,177
241,240,225
151,210,130
235,241,149
144,200,223
167,183,165
182,274,103
246,290,238
281,193,226
151,150,135
214,239,141
150,231,142
204,293,167
264,253,178
125,297,263
294,205,280
131,215,193
122,292,293
124,233,207
239,265,214
210,213,291
272,294,213
155,267,260
227,282,258
227,297,210
258,236,225
183,272,214
229,182,261
246,269,222
116,183,290
166,218,246
230,257,257
206,168,210
283,129,275
257,187,165
272,280,150
246,238,237
