3.104729458837310219e+00,2.358955759076614811e+00,1.103493107417644614e+00
2.756259345276838246e+00,3.984834242614234689e+00,2.632457235284468844e+00
2.055692726313198104e+00,3.791705851810652117e+00,2.082258068331421796e+00
4.060928278542438541e+00,8.235719571233035552e-02,3.984241358325276927e+00
1.988347286189328100e+00,4.412237153524389832e+00,1.511379154161884841e+00
4.567223339773286206e+00,4.776532020488209795e+00,3.324574525692830518e-01
3.249366965019238940e+00,3.252878023229662574e+00,1.492782260523312754e+00
2.370576760063664246e+00,4.086546461455405677e+00,4.938810154170816702e+00
4.401641377330843596e+00,1.333200570490353787e+00,1.112704256505005596e+00
4.817883588845831788e+00,4.354242942900478752e+00,1.171492790478866342e+00
2.148190763398853509e+00,2.211057509058348636e+00,3.893380742221573598e+00
2.142461558770378804e+00,2.153065222648220534e+00,1.472193372112362120e+00
6.425267914069721087e-01,9.310818717012880885e-01,4.287193486668700038e-01
4.586291928711256460e+00,1.911311684619615425e-01,1.825465931431200506e+00
2.879768964467913861e+00,1.098625757581465079e+00,2.792749363544653640e+00
4.720978127125476043e+00,1.756927190927345395e+00,1.890495291913555365e+00
2.541232350522961703e+00,3.185466735493819979e+00,3.497885719096053947e+00
3.350156500049068509e+00,3.654710364882904461e+00,2.809711927892885708e+00
1.475497858074096946e+00,4.282583252160110376e-01,3.369355807478266573e+00
2.103391310273734049e+00,3.831192420304108559e+00,1.740740917843412561e+00
2.912047453394468910e+00,1.803931728214589914e+00,2.705236166613697701e+00
4.692384035505095419e+00,8.523634805883872900e-01,1.943952286473196622e+00
1.065028650921004516e+00,2.897336128433765090e+00,2.129429048417879500e+00
3.261189316101335223e+00,1.853140098262871405e+00,4.814463806010281566e+00
1.292569825864225974e+00,2.767300526709481456e+00,2.324383363148903925e+00
3.738663408875370742e+00,2.104537722406496947e+00,1.441715737959570198e-01
3.291211003354259201e+00,1.970150835744821194e+00,1.434654783057208727e+00
5.946347872551771552e-01,2.983514676579229530e+00,7.871326694266223001e-01
3.238614423391700248e-01,3.833613429818094165e+00,1.190794943343800316e+00
2.522774530164290319e+00,2.862797121382349985e+00,3.680551965621439603e+00
2.590548012701725522e+00,1.345696215435232546e-02,4.876783823178774568e+00
2.449287774355894953e+00,2.332166135483887404e-01,4.130496955512427348e+00
1.232795201874590241e+00,2.467889290099472888e+00,1.572639458752336239e+00
1.375453852112545894e-01,4.037904052322191184e+00,8.347046758991449877e-02
2.461956374698673677e+00,4.696164969376797060e+00,2.728865474281112480e+00
3.866853419228974964e+00,2.404058716971641196e+00,3.272850814536735875e+00
3.778543103973053263e+00,3.143828080029085204e+00,3.863317892020274424e+00
4.772298006553853611e+00,2.011298754950918699e-01,1.495137625849995988e+00
3.616236303790150597e+00,3.049711518270163069e+00,3.176085384376938325e+00
3.042986114690615196e+00,4.921496909475294501e+00,4.804877541546305864e+00
3.167749332548660313e+00,4.622531961724642535e+00,4.984807208533915457e+00
2.748778174380998696e+00,3.841691254386252474e+00,2.009625960009721712e+00
4.385580963295085510e+00,2.062545650151936361e+00,4.496678687059522339e+00
2.910500026496522175e+00,4.366356733022805692e+00,2.348865005018675234e+00
1.573080171593694399e+00,1.735375171377143699e+00,3.935774401926988908e+00
