112,808
482,71
584,104
662,114
810,106
854,108
461,166
475,230
470,262
458,314
478,332
514,326
539,325
725,214
722,251
759,214
828,190
922,178
986,236
1003,290
888,278
864,313
822,341
779,355
741,382
716,328
577,391
617,380
409,419
423,421
508,454
366,492
403,487
355,525
346,590
399,534
416,551
466,560
426,627
538,494
480,664
517,700
540,720
561,666
554,646
562,612
587,676
604,658
800,614
760,661
733,702
644,811
670,795
700,774
720,768
738,758
732,814
772,800
846,788
784,430
813,417
825,444
866,436
903,435
940,455
934,442
943,428
980,452
977,483
993,489
873,472
844,480
842,514
854,540
901,541
940,540
945,567
562,456
541,496
587,489
601,564
607,490
714,494
723,493
765,507
630,520
650,539
669,532
692,514
625,502
644,494
660,484
643,481
629,474
643,467
650,452
670,424
641,425
625,418
