3.55, 1.36, 0.35
2.07, 0.6, 0.3
3.82, 0.71, 0.2
1.45, 1.85, 0.5
2.49, 0.9, 0.86
0.47, 0.81, 0.02
2.3, 0.01, 0.38
0.38, 0.37, 0.83
2.26, 1.28, 0.7
3.79, 0.03, 0.59
3.86, 0.07, 0.84
3.4, 1.91, 0.21
1.11, 1.23, 0.05
2.89, 0.74, 0.69
0.84, 0.67, 0.36
0.57, 0.0, 0.3
3.37, 1.24, 0.5
3.45, 1.85, 0.25
0.53, 1.49, 0.01
1.65, 1.31, 0.18
0.52, 0.23, 0.23
3.35, 0.16, 0.12
1.81, 0.66, 0.45
1.46, 1.23, 0.16
3.68, 0.41, 0.51
2.07, 0.3, 0.1
3.91, 0.86, 0.57
3.95, 0.36, 0.37
3.93, 0.78, 0.52
0.48, 0.38, 0.82
3.81, 0.24, 0.91
0.76, 0.04, 0.81
3.93, 0.99, 0.58
1.63, 0.26, 0.37
0.17, 0.14, 0.43
0.11, 1.77, 0.34
2.55, 1.48, 0.46
2.45, 0.23, 0.54
0.78, 0.57, 0.58
1.8, 0.38, 0.69
3.48, 0.95, 0.61
0.25, 1.89, 0.04
3.07, 1.19, 0.81
0.45, 1.38, 0.54
3.3, 0.01, 0.85
1.0, 1.59, 0.09
2.46, 1.21, 0.77
2.61, 1.72, 0.49
3.25, 1.23, 0.34
3.1, 0.88, 0.54
2.67, 0.81, 0.71
3.91, 0.46, 0.81
2.86, 0.96, 0.8
1.02, 1.29, 0.12
2.41, 1.58, 0.99
1.82, 0.68, 0.2
0.18, 0.68, 0.29
0.64, 0.7, 0.47
3.5, 0.13, 0.58
1.11, 0.33, 0.22
3.25, 1.53, 0.66
2.74, 1.74, 0.8
3.77, 0.79, 0.69
0.96, 0.18, 0.64
2.16, 1.61, 0.79
3.78, 0.93, 0.84
3.85, 0.9, 0.84
3.58, 0.26, 0.74
3.9, 0.04, 0.41
0.89, 0.26, 0.89
1.09, 0.55, 0.71
2.91, 1.19, 0.1
0.09, 0.39, 0.62
2.33, 1.5, 0.3
1.29, 1.26, 0.43
0.74, 1.61, 0.72
0.56, 1.05, 0.45
0.77, 0.75, 0.12
1.8, 1.24, 0.73
2.73, 0.54, 0.85
0.09, 0.48, 0.83
3.35, 1.67, 0.27
3.13, 1.87, 0.24
3.86, 1.63, 0.72
2.63, 0.52, 0.44
2.27, 0.75, 0.24
0.58, 1.93, 0.39
2.69, 1.06, 0.24
3.28, 1.41, 0.54
3.37, 0.91, 0.01
3.17, 1.68, 0.44
0.85, 1.1, 0.7
1.18, 1.45, 0.46
3.14, 0.7, 0.13
1.16, 0.1, 0.86
0.28, 1.78, 0.03
1.77, 0.46, 0.45
0.9, 0.03, 0.76
2.71, 1.74, 0.92
