-561,527
-262,-342
135,-449
738,-177
830,-50
-329,-530
-775,86
310,-240
-107,-307
183,-248
31,-158
-84,-912
416,943
89,448
-618,-74
-430,-334
-182,210
885,-994
274,538
-405,806
81,655
528,350
-56,-782
898,375
653,-769
604,-587
-557,599
-720,407
-901,-443
-156,-8
151,28
743,-630
-313,287
-688,-895
-603,-272
-125,510
69,794
900,-694
901,366
-213,434
-212,-955
-595,723
484,784
507,311
-650,897
-304,291
789,871
878,-746
-245,558
567,808
-880,159
525,666
-741,377
-41,694
3,-756
285,-31
411,920
-614,244
-268,550
708,-710
878,-485
77,-244
-27,147
846,978
