253,258,268
150,134,286
102,291,284
235,132,161
266,212,243
170,251,120
239,121,227
231,247,104
214,138,255
227,296,256
202,159,116
148,170,131
263,168,261
101,186,112
140,193,109
178,110,239
190,131,113
273,168,181
276,133,203
194,237,178
232,238,144
158,227,275
228,197,153
238,204,250
245,151,132
139,299,112
198,253,109
288,261,264
211,226,154
228,246,283
135,231,140
148,143,196
271,110,241
187,165,244
145,175,257
102,134,148
255,143,213
275,243,146
168,234,295
146,137,297
143,191,149
289,120,193
149,165,137
138,246,153
169,129,219
282,205,225
217,218,278
191,204,232
217,129,127
212,108,213
265,195,247
164,119,258
220,170,222
283,265,186
236,163,188
233,186,214
184,169,126
180,266,170
162,272,176
259,142,112
274,217,295
223,275,262
216,135,262
112,141,201
