4.353893608734813014e+00,9.666242172499955876e-01,4.728235044152836686e+00
4.402167668438311310e+00,1.831333405840520623e+00,4.996647241089201330e+00
2.418846535775263096e+00,4.389125249731707257e+00,4.176321070304689353e-02
4.356251414438159664e+00,6.875515133624704456e-01,3.406590863050077189e+00
2.635307774882428511e+00,1.078703321774110879e+00,2.642903796478759837e+00
1.421498968612467939e+00,3.444542938884938899e+00,3.409479261898689550e+00
2.463159518060946240e+00,4.499472953928949970e+00,2.562363184789401060e+00
4.015383776302555496e+00,4.110152042599003686e+00,1.848139495190627146e+00
3.965716178011713389e-01,1.341783723972378439e-01,2.184749822629949989e+00
1.545081170296274120e+00,4.745917798553111133e+00,3.540379143859526234e+00
2.881354771285989269e+00,1.626849055307802994e+00,3.720416094937906148e+00
4.208408852191382721e+00,5.895484279220775115e-01,3.389226671641760280e+00
4.632428528271320900e+00,4.613909895486961510e+00,6.967084291257497064e-01
1.443158029788864649e+00,3.201170292373110460e+00,2.171677974873218453e+00
2.039849660905086459e+00,2.804961751933357839e+00,2.698178682325420574e+00
2.111261822596699478e+00,1.805185455508669934e+00,4.651051696735874152e+00
7.967974099492786122e-01,4.243625042282202386e+00,1.223849823867193987e+00
2.305073960801172994e+00,2.208399646882552858e-01,4.093876527173185842e+00
2.264487951740261185e+00,1.038548682580869187e+00,3.444737074852525005e+00
1.463812847100072201e+00,3.142057349174391501e+00,2.407557882606544020e+00
1.202444216689685375e-01,6.620301104936276992e-01,1.917626949899798205e+00
4.203077897258996387e+00,4.203014116285247459e-01,2.697114917031208758e+00
4.312985144733071152e+00,1.788411585181338026e+00,2.418871486273639793e+00
1.303956817508671318e+00,5.058516663369799771e-01,4.378402664036606939e-02
4.609574964757272575e+00,9.603113554965586607e-01,1.084753992153702384e+00
8.623071384834046782e-01,4.801292643065091958e+00,4.021897758343939699e-04
1.088772500366750329e+00,1.170166048678482618e+00,2.441937911274865147e+00
4.897490020936686506e+00,1.846363426228219584e+00,2.771610547411545333e+00
8.276486734082877383e-01,4.151084244471972440e+00,3.255703950916684075e+00
1.743945060771595612e+00,4.131405517048216680e+00,4.364500872597543157e-01
9.416502804785276126e-01,2.276981690042145789e-02,1.957154550116513292e+00
2.383361678317161836e+00,2.539279632141791865e+00,3.448152842277765640e+00
3.033918302336978012e+00,2.264354528342756190e+00,1.735534177301659708e+00
2.953878658647242528e+00,3.453812469664494067e+00,3.330170134325602493e+00
2.987119286192221335e+00,2.426061200822793307e+00,1.422700550814874454e+00
3.910996744037544826e+00,3.711159502787997333e-01,1.862009633515337992e-01
2.679900654624653544e+00,1.313936152842233307e+00,2.674979712072711902e+00
3.410000597133511668e+00,4.482036070698270258e+00,4.160272546978557529e+00
2.673138166080236022e+00,3.388239149326286448e+00,2.550184715640442690e+00
2.031735682297313605e+00,1.178139925538197019e+00,9.452921501620692446e-02
2.980370173298169112e-01,3.553103879338875615e+00,4.173747129906310249e+00
3.020924637269383872e+00,8.753189422524276786e-01,2.243670874907885970e+00
3.104211818276004564e+00,2.176056951858248212e+00,2.539355820553130361e+00
3.428239415654721345e+00,2.262163233845445376e+00,6.997611691245325671e-01
2.989514090739398444e+00,3.374454455467216896e+00,6.084204271653104179e-01
4.430899837725774226e+00,2.107865468265079922e-02,3.023877125251855924e-01
4.973738764510708066e+00,2.353356451117940118e+00,4.412826549535151521e+00
4.305577585015340603e+00,3.560126797644054264e+00,1.908914084967890279e+00
3.965757865417566030e+00,7.370097211556458916e-03,5.660539227948024887e-01
1.054810090834506386e+00,4.611715208566326218e+00,3.035792156757437521e+00
2.412898633011879124e+00,2.749738774212683090e+00,3.095984389426454264e+00
2.561057759223289487e+00,2.693394128065584869e+00,3.761136557462362084e+00
1.798310678743444857e+00,6.213044760948188694e-01,1.005034856249984898e+00
2.623086021705456794e+00,1.512721391048111208e+00,4.009121375522284314e-02
2.879132610660711133e+00,3.649115409195740067e+00,1.065765044328957245e+00
1.428749143487261897e+00,7.576549943778421170e-01,3.863067581824545016e+00
4.830084288598108344e+00,2.482409542242747236e+00,7.948713447667166143e-01
3.534562344099599240e+00,1.606515338565165374e+00,2.453986725817108194e+00
1.741585549041466674e+00,3.940465827850774705e+00,1.949916342689499871e+00
1.984819970658537436e+00,4.096308895149653573e+00,1.966188276932170798e+00
3.004827549872475245e+00,4.159844887097576382e+00,7.359277895857607721e-01
4.535566008487044165e+00,2.871261310879952955e+00,2.844253994972017807e+00
3.882079319955571872e+00,3.257814017905870330e+00,3.718366740677278237e+00
3.838925505237476443e+00,1.861211441033965741e+00,3.640763810114689747e+00
