Usage:
./sweep.py <points_filename> <cars_filename> <depot_x> <depot_y>

E.g.
./sweep.py example/points example/cars 0 0

Running the above should produce the following output:
       X        Y     DEMAND                ANGLE  CAR
======================================================
     3.0,     3.0,     200.0,      0.785398163397,   0
     2.0,    -2.0,     100.0,     -0.785398163397,   0
    -2.0,    -3.0,     700.0,      -2.15879893034,   0
    -6.0,    -1.0,     300.0,      -2.97644397618,   1
    -6.0,     2.0,     200.0,       2.81984209919,   1
    -7.0,    -5.0,     200.0,      -2.52134316761,   1
    -2.0,     8.0,     100.0,       1.81577498992,   1
     6.0,     3.0,     450.0,      0.463647609001,   2
     8.0,     1.0,     200.0,      0.124354994547,   2
     8.0,    -2.0,     300.0,     -0.244978663127,   2
     2.0,    -7.0,     200.0,      -1.29249666779,   2
    12.0,     5.0,     350.0,        0.3947911197,   3
    -5.0,     8.0,     500.0,       2.12939564214,   4
    -4.0,    -8.0,     300.0,       -2.0344439358,   5
    11.0,     3.0,     100.0,      0.266252049151,   5
     4.0,     7.0,     150.0,       1.05165021255,   6
