482,71,184
584,104,159
662,114,144
810,106,134
854,108,110
461,166,81
475,230,153
470,262,88
458,314,204
478,332,144
514,326,125
539,325,116
725,214,133
722,251,83
759,214,147
828,190,80
922,178,168
986,236,146
1003,290,382
888,278,150
864,313,247
822,341,125
779,355,229
741,382,96
716,328,151
577,391,158
617,380,73
409,419,125
423,421,140
508,454,106
366,492,130
403,487,90
355,525,120
346,590,101
399,534,155
416,551,129
466,560,118
426,627,141
538,494,247
480,664,115
517,700,182
540,720,221
561,666,105
554,646,71
562,612,241
587,676,141
604,658,154
800,614,131
760,661,143
733,702,274
644,811,172
670,795,132
700,774,95
720,768,146
738,758,146
732,814,102
772,800,152
846,788,81
784,430,439
813,417,138
825,444,122
866,436,90
903,435,90
940,455,102
934,442,267
943,428,71
980,452,261
977,483,169
993,489,122
873,472,406
844,480,169
842,514,148
854,540,143
901,541,87
940,540,92
945,567,216
562,456,71
541,496,100
587,489,115
601,564,304
607,490,140
714,494,117
723,493,140
765,507,130
630,520,211
650,539,392
669,532,168
692,514,166
625,502,70
644,494,254
660,484,90
643,481,231
629,474,242
643,467,412
650,452,142
670,424,107
641,425,440
625,418,396
