12289
11441
13270
12881
13104
11620
10142
11735
12858
12854
11012
13485
13178
10422
11308
11009
13406
12037
12600
10862
12828
10315
13286
12106
12697
13160
12498
13009
12602
13028
10545
10330
10553
12137
12502
10267
12324
11433
13033
13222
10558
10592
11408
12022
10596
13045
12448
10764
13603
10315
13739
13430
12026
12258
12259
11657
13301
11938
12157
12775
13580
13137
11102
12852
11352
10823
13338
13787
11979
12184
13257
13933
10839
10985
12290
12313
10223
10211
11563
12891
12334
11524
13925
12862
12474
11410
11564
13385
11168
12095
12727
10503
11589
13569
13715
12469
11514
11630
13292
12758
