882,565
880,651
-345,719
-443,-722
-364,232
831,-165
-14,444
538,-412
-499,746
-36,-147
-54,194
425,617
205,-469
45,-549
-478,687
-485,863
411,34
-418,86
355,-286
196,-3
43,-79
200,-94
794,862
305,252
287,899
-319,-216
-313,0
406,474
676,747
-519,267
970,104
-682,294
621,-160
493,693
163,753
-719,-683
-572,249
188,297
-758,-50
867,290
-253,437
520,575
-481,-397
861,337
937,-897
-65,-417
-514,-219
581,22
-442,729
601,31
-150,722
252,150
-627,-651
-677,-18
-679,368
173,90
-212,-632
926,-542
33,-107
970,-671
-704,628
-521,-96
-89,-221
397,-635
-584,-742
-336,460
679,187
-980,162
11,50
653,679
-82,131
-978,-922
-156,-363
365,-10
-524,183
-202,-491
-70,534
477,149
594,510
793,859
978,539
118,-704
132,608
672,108
-279,574
426,445
-44,935
-885,313
-129,638
506,648
909,400
978,32
769,580
786,-638
-222,248
552,640
831,-580
-281,97
671,204
58,978
