263,106,175
159,146,264
260,186,162
299,222,240
287,150,218
116,264,224
177,297,245
250,253,152
279,273,109
258,215,177
205,263,238
193,154,166
115,262,173
235,282,217
199,111,171
139,159,228
296,285,155
260,147,100
261,220,165
261,191,214
287,191,281
281,228,266
143,258,242
135,286,138
134,163,283
190,113,247
267,198,115
203,185,271
206,234,295
150,108,269
115,169,248
297,172,200
189,217,225
253,178,223
114,177,112
188,205,257
173,158,175
123,267,239
261,214,219
298,237,135
265,293,233
258,139,287
275,105,176
125,227,244
177,189,218
249,179,136
274,200,119
127,109,173
293,140,196
140,252,290
221,155,249
253,267,172
254,162,115
193,117,188
154,279,168
231,135,244
212,227,271
140,219,157
189,195,167
278,237,150
288,265,232
257,115,115
279,288,153
117,150,174
181,241,170
254,213,191
124,141,252
215,285,281
228,165,269
164,123,203
243,121,292
182,236,186
109,115,135
239,257,241
183,230,169
256,105,289
268,215,124
195,174,204
136,264,219
258,146,162
234,258,167
263,216,205
147,235,280
197,281,226
212,239,277
272,118,247
144,214,286
288,274,144
204,202,121
169,110,258
259,186,282
136,123,102
262,252,142
209,291,255
109,239,149
292,225,179
128,209,284
226,100,213
150,102,189
131,112,230
