1.514750400892254101e+00,2.199295726551231400e-01,6.243254192621672249e-01
3.932580006400936412e+00,3.900272019465791828e+00,4.105605950887022182e+00
9.796645219527377879e-01,5.057202923765191649e-01,7.705874775091270390e-01
5.232115794042341284e-01,1.950142504052910786e+00,4.110272777252183651e+00
1.433230058858510070e+00,2.602344084827779902e+00,4.817795873645483340e+00
4.544548895473115024e+00,4.604200355762458230e+00,1.433377729029368108e+00
3.142652892988234692e-01,2.667190291432386395e+00,4.862462277599131077e+00
4.708203696005249128e+00,3.134432382580891296e+00,4.211573453157389402e+00
4.218015585799023803e+00,5.085437725997549174e-01,2.287499409288908048e+00
3.557809211220430257e+00,4.364160127025037639e+00,4.189911130767251635e+00
7.223264931312350923e-01,4.593606020190538430e+00,6.930145096480255784e-01
3.473573417495710469e+00,1.669892102011094615e+00,3.912739053352058516e+00
4.853967868033000066e+00,3.234754715603998854e+00,2.396436899243019614e+00
7.088767273624912990e-01,1.110456760660715858e+00,2.149857864274349328e+00
2.045631158862082355e-01,3.907277204978893081e+00,3.393082864167318302e-01
4.360652709138831185e+00,2.293312341729316639e+00,4.728416613278822567e+00
1.559396390966888424e-01,5.663928540560098090e-01,1.076777394772260310e+00
2.867681957785022107e+00,9.918689179337497608e-01,3.084940039345786644e+00
1.627260548519813277e+00,2.605664544583940589e+00,1.609189337840056133e+00
3.168860878262788727e+00,4.663121954347993814e+00,5.927235839770450543e-02
3.488364513344456963e+00,3.220452588180160891e+00,1.333999019273248265e+00
4.715362020907979179e+00,4.653794006424972096e+00,1.381091661292214168e+00
3.970966079775388735e+00,3.684794078687578800e+00,2.572843893332406040e+00
2.184455438091015278e-01,3.797364141024683448e+00,1.791763774108225959e+00
3.861187668010841456e+00,3.104632550196746887e+00,4.621193147299666570e+00
4.380580612835276000e+00,6.555905503762071707e-01,2.278791794446455299e-02
4.467692714161194623e+00,3.227155659317091363e+00,8.368588768255835753e-01
1.589956663750163868e-01,1.245733729933048428e+00,1.606784399493826898e+00
2.078368864182805753e-01,3.572633943517400379e+00,4.744598698084002919e+00
7.340935385665392499e-01,3.589439403541847096e+00,6.186452893358390659e-01
4.245866734137599963e+00,4.710485775258721475e-01,2.489399235524016873e+00
3.172150173775869497e+00,3.226569718174927104e+00,1.337239273608330059e+00
4.083227539839072051e+00,4.636068048957026733e+00,2.866696894024877373e+00
3.685525264295008707e-01,2.488691894777909752e+00,1.504493928011792381e+00
2.030115907314627988e-01,4.187324483361964056e+00,2.413231553549702202e+00
7.172143548561610293e-01,2.224881963738625679e+00,2.587621913528373341e+00
4.491322772760453219e+00,3.357855841026927912e+00,2.646061442664544572e+00
2.360017643187581893e+00,3.982590745202806204e+00,3.267946107994434968e+00
8.651640885134204151e-01,5.987589607110915813e-01,2.277316317220329012e+00
3.472964092369064559e+00,6.408714616829974675e-01,1.318639269335061259e+00
4.110148657497085800e+00,7.284112367664608012e-01,9.986852652002009556e-01
2.665995862471852274e+00,4.138558802478420340e+00,2.363464710660857726e+00
3.694605935472670577e+00,5.892323867994975206e-01,2.849371353724118094e+00
7.531763608895941653e-01,1.887282474975369162e+00,3.812229890847915303e+00
1.180758725887218752e+00,3.667476252271948400e+00,4.496631694226204345e+00
1.084883261923966780e+00,1.202318605356941239e+00,2.776834016402534022e+00
8.301209346121268817e-01,3.448898827738835049e+00,1.335927227308418841e+00
1.959539366655195902e+00,4.995167772457498323e-01,4.615841066140305315e+00
7.214440634525320917e-01,4.336813754717571356e+00,3.774133320909424771e+00
3.819123294960431014e+00,8.446713776803915774e-01,2.690976451709846451e+00
1.397323349666971248e+00,3.914141125778338282e+00,1.332922990960805354e-01
3.860371558841100281e+00,2.208450911606998801e+00,1.346958023369771995e+00
2.343029186954308063e+00,3.345232515327753120e+00,9.878775592106797676e-01
5.589620059828603882e-01,5.176949401073216439e-02,3.224367957565025478e+00
3.406919786072450052e+00,2.982420084311646846e+00,1.858104747332256945e+00
3.874080641382495305e+00,2.924351855004376777e+00,2.441076998102873041e+00
2.510613250585610245e+00,2.808184986857307219e+00,2.988735120631499598e+00
2.690052368067164856e+00,3.619461608581614476e-01,3.222145135724132636e+00
1.057652915613139788e+00,3.048916668415319053e-01,6.784849854226526755e-01
2.669303678530132728e-02,2.544595936174942175e+00,3.415342066446282132e+00
4.330931437523268812e+00,2.964892450174216876e-01,1.920956232871394720e+00
6.255988800787337656e-01,1.973059856998465200e+00,1.479421086095378257e+00
3.017066567860777315e+00,2.589774434269711989e+00,4.188577754585863566e+00
9.221277149705331411e-02,3.924076935052052129e+00,2.068513793823989921e+00
1.675344689849360247e+00,1.806793302128127943e+00,9.737416979420104868e-01
2.195068147594464669e+00,1.809914139398365318e+00,3.461633334712039378e+00
3.503025748948103146e+00,1.338011912196432451e+00,1.583909581563310853e+00
4.833603433058676124e+00,2.785652125665224688e+00,4.222615800327126578e+00
1.870844121516375136e+00,3.527683523581969460e+00,3.709974946163463905e+00
2.530408871355077416e+00,4.843602975940644484e+00,1.521299068173241231e+00
1.967461167234906938e+00,2.436528251585241556e+00,3.573241356685545878e+00
4.673185904945372116e+00,1.939144589940872132e-01,3.899951577026396166e+00
1.636619159975753579e+00,4.536438892644744314e+00,4.057855038019265947e+00
3.684794045837774812e-01,1.900525411403625187e+00,4.930411535710271798e-01
1.902935602476816701e+00,9.980011054176418650e-01,2.274603496290712012e+00
3.606647237842727449e+00,1.868045384878533444e+00,3.984085303067843142e+00
3.353702015382796553e+00,4.592765005392118738e-01,3.633093935396545682e+00
3.270320128833263063e+00,2.074449268212909203e+00,5.033444731634773017e-01
3.745234389978603140e+00,1.400959233386751990e+00,4.538591916553007977e+00
7.134321719206082602e-02,1.631782498581793028e+00,4.562508657969743808e+00
3.819508630089811785e+00,4.039386514559051733e+00,1.328521352420659163e+00
1.867552207637440009e+00,2.619203771121275004e+00,2.918155949167776875e+00
1.894725589263326349e+00,4.035721576793608101e+00,3.291072238347371837e+00
4.553309138844586990e+00,1.637514290962451380e+00,2.836982071518430626e+00
2.923531925265971498e+00,1.754372966039917658e+00,1.183635667749863840e+00
4.973817469239040001e+00,4.677919662619402175e+00,2.180651390167835935e+00
2.330916932136955388e+00,8.908031469286870063e-02,1.597335410685035706e+00
4.704827209753038808e+00,5.336378794547791404e-02,1.769579733226969598e+00
4.082976507453111914e+00,2.029769246086277068e+00,2.620819894235124625e+00
1.989634482539528459e+00,5.564509106395992832e-01,4.830407620940765590e+00
1.794403219142653327e+00,3.918355527205635624e+00,4.642288415168357218e+00
1.767212607876714747e+00,2.978167208581037784e+00,2.598944951206139109e+00
1.962198422274952669e+00,1.187498405294173498e+00,2.989756988957774642e+00
4.983505413349397450e+00,3.572982191580603484e+00,2.321266815596754185e+00
4.365097073459552668e+00,3.841415832875715530e+00,4.222983542681446600e-01
4.296324708598553421e+00,5.541295742617013964e-01,4.692337735372579033e+00
3.168971570917934244e+00,2.020887825603225441e+00,3.378762962493386368e+00
3.712378134435415866e+00,2.148758971073269741e+00,1.608475187079858149e+00
1.506737336462660171e+00,3.026299668046476654e+00,9.118204529939621938e-01
3.616346428575278882e-02,2.178721907570425387e+00,9.521312643848478530e-02
