0,0,0
80,30,45
90,40,40
80,40,40
90,50,60
90,40,45
80,40,45
80,50,45
100,40,60
100,40,40
90,40,45
80,30,40
80,40,90
80,40,40
80,60,45
100,40,40
100,50,60
80,30,45
90,30,40
80,30,60
90,50,90
80,60,60
90,60,60
80,40,90
80,60,60
80,30,45
80,30,40
100,50,40
90,50,60
90,40,40
80,50,60
80,30,90
80,40,60
80,30,40
80,50,60
80,50,90
90,50,40
80,30,90
100,40,90
80,40,90
100,30,45
100,30,90
100,60,90
90,50,60
100,60,45
80,40,90
80,30,60
90,30,45
100,50,40
100,40,45
90,40,45
80,50,45
80,50,45
90,30,60
100,50,90
90,50,60
80,30,60
90,30,40
90,60,90
80,40,45
80,50,60
90,50,45
80,60,90
90,60,40
80,40,45
100,30,40
100,40,60
100,60,45
90,40,60
80,40,40
90,30,45
80,30,60
100,40,40
90,40,45
100,30,60
90,30,40
80,30,45
90,50,40
80,30,40
80,50,40
90,50,45
90,40,45
100,30,60
100,60,90
100,30,45
80,60,60
80,50,45
90,40,60
90,60,60
80,30,90
80,60,60
80,30,40
80,30,45
90,40,60
100,60,45
80,60,60
80,50,45
100,50,40
100,50,60
